3087
18 1 17 1
8 8 7 7
21 11 20 10
15 6 14 5
9 7 8 6
18 17 17 17
29 3 28 2
12 9 11 9
25 14 24 14
26 13 25 12
4 0 3 0
25 17 24 16
19 2 18 1
15 10 14 10
8 4 7 3
11 2 10 2
17 7 16 6
5 2 4 1
21 3 20 3
12 11 11 11
27 9 26 9
22 20 21 19
18 11 17 10
5 3 4 2
11 4 10 3
13 8 12 8
14 3 13 3
12 0 11 0
21 6 20 6
3 3 2 2
2 1 1 1
13 2 12 2
25 3 24 2
9 8 8 8
23 10 22 9
19 17 18 16
26 20 25 20
19 1 18 0
7 3 6 2
8 7 7 6
25 9 24 9
26 18 25 17
4 3 3 3
26 23 25 23
23 12 22 11
11 11 10 10
17 1 16 1
27 24 26 23
21 10 20 10
11 5 10 5
5 5 4 4
13 6 12 6
18 2 17 1
21 7 20 7
24 11 23 11
22 4 21 4
6 2 5 2
10 1 9 0
26 21 25 21
1 1 0 0
5 4 4 3
2 2 1 1
18 12 17 11
12 6 11 5
23 19 22 18
7 0 6 0
3 1 2 0
10 2 9 2
6 0 5 0
25 16 24 15
25 0 24 0
15 4 14 3
4 3 3 2
22 15 21 15
21 8 20 8
24 17 23 16
15 15 14 14
20 8 19 7
11 3 10 2
24 23 23 23
17 16 16 16
22 10 21 10
25 23 24 23
3 2 2 2
18 4 17 4
12 12 11 11
14 10 13 10
13 10 12 9
16 11 15 10
6 5 5 4
29 27 28 27
15 13 14 12
9 6 8 5
11 5 10 4
11 8 10 7
4 1 3 1
12 8 11 7
10 7 9 6
7 2 6 1
28 27 27 26
24 0 23 0
8 0 7 0
21 1 20 0
8 5 7 4
12 10 11 9
7 6 6 5
23 5 22 4
3 1 2 0
8 7 7 6
5 2 4 1
15 11 14 10
3 3 2 2
22 1 21 1
9 5 8 4
15 14 14 13
22 0 21 0
29 13 28 13
24 23 23 22
25 11 24 11
6 1 5 1
15 9 14 8
11 9 10 9
28 14 27 14
17 3 16 2
16 7 15 6
27 19 26 18
9 6 8 6
3 0 2 0
17 8 16 8
14 11 13 10
2 2 1 1
5 4 4 4
19 11 18 11
11 10 10 10
20 9 19 9
24 6 23 6
28 5 27 5
26 15 25 14
19 3 18 2
21 15 20 14
4 0 3 0
19 8 18 7
23 1 22 1
19 7 18 7
24 12 23 12
28 24 27 24
20 17 19 17
7 4 6 4
9 0 8 0
5 1 4 0
21 5 20 5
29 15 28 14
6 4 5 4
5 3 4 3
16 6 15 5
25 4 24 4
29 8 28 7
23 11 22 11
8 5 7 4
11 6 10 6
10 2 9 1
16 13 15 13
29 18 28 17
26 8 25 7
20 4 19 3
13 3 12 3
25 17 24 17
12 6 11 6
15 10 14 10
5 4 4 4
9 5 8 5
19 12 18 11
9 2 8 2
6 5 5 5
23 14 22 14
22 8 21 7
25 18 24 18
21 7 20 6
26 11 25 11
12 9 11 8
14 6 13 5
24 19 23 19
19 15 18 14
20 16 19 15
17 14 16 14
27 8 26 8
22 9 21 8
24 9 23 9
9 6 8 5
18 2 17 2
17 10 16 9
26 18 25 17
6 3 5 2
21 13 20 13
26 19 25 18
26 24 25 23
13 1 12 0
19 14 18 13
23 16 22 15
4 0 3 0
17 4 16 3
8 0 7 0
28 25 27 25
29 2 28 2
17 11 16 11
11 2 10 1
29 10 28 9
18 11 17 11
14 1 13 1
22 15 21 15
20 0 19 0
25 0 24 0
28 11 27 10
25 13 24 13
25 14 24 14
14 7 13 7
28 17 27 17
9 1 8 0
11 8 10 7
25 25 24 24
12 2 11 2
25 20 24 19
20 13 19 12
9 4 8 4
19 16 18 15
11 2 10 2
20 9 19 8
29 25 28 24
24 4 23 4
10 7 9 6
23 10 22 9
14 13 13 13
8 6 7 6
7 3 6 3
17 5 16 5
27 0 26 0
4 3 3 2
4 4 3 3
25 12 24 12
16 4 15 4
22 16 21 16
3 0 2 0
12 3 11 3
10 4 9 4
19 3 18 3
20 5 19 4
27 25 26 25
13 9 12 8
29 24 28 23
22 1 21 1
8 4 7 3
27 18 26 18
21 8 20 8
3 2 2 1
27 4 26 4
21 16 20 16
19 4 18 4
16 16 15 15
10 2 9 2
14 4 13 4
20 15 19 14
13 13 12 12
4 1 3 1
21 18 20 17
18 3 17 3
24 19 23 19
13 11 12 11
7 6 6 5
28 20 27 19
26 23 25 22
17 1 16 0
27 17 26 16
27 27 26 26
10 6 9 5
3 3 2 2
5 4 4 3
9 5 8 4
18 7 17 6
24 20 23 20
26 12 25 12
25 2 24 1
20 3 19 2
24 7 23 7
25 9 24 9
4 3 3 2
7 1 6 0
8 3 7 3
15 7 14 6
10 10 9 9
27 5 26 4
25 17 24 17
16 15 15 14
17 2 16 1
23 22 22 21
22 14 21 13
14 14 13 13
19 12 18 11
22 13 21 12
25 10 24 9
17 6 16 6
11 6 10 6
26 10 25 9
28 2 27 2
7 3 6 3
17 12 16 12
20 17 19 16
12 11 11 10
16 12 15 11
20 13 19 12
16 1 15 0
25 6 24 6
25 22 24 21
19 17 18 17
13 2 12 2
6 2 5 2
23 7 22 7
23 14 22 14
21 21 20 20
21 10 20 9
29 16 28 15
25 7 24 7
13 0 12 0
10 5 9 5
19 13 18 12
18 2 17 1
19 18 18 18
22 17 21 16
14 3 13 2
12 5 11 4
15 14 14 13
15 15 14 14
24 8 23 8
23 19 22 18
16 14 15 14
27 11 26 10
18 17 17 16
7 4 6 4
22 12 21 11
12 7 11 6
19 15 18 14
20 14 19 13
15 0 14 0
28 27 27 27
29 2 28 2
28 23 27 22
16 9 15 8
19 7 18 7
19 18 18 17
19 13 18 13
27 20 26 20
28 12 27 11
8 1 7 1
11 10 10 10
29 1 28 0
17 2 16 1
20 2 19 1
21 5 20 4
24 17 23 16
6 6 5 5
22 7 21 6
9 5 8 5
25 1 24 0
17 13 16 12
11 5 10 5
20 4 19 4
20 16 19 15
12 6 11 5
10 5 9 5
13 8 12 7
28 10 27 9
21 1 20 1
17 3 16 3
8 5 7 4
17 5 16 4
12 8 11 8
12 10 11 10
21 12 20 12
4 2 3 2
27 19 26 18
18 13 17 13
8 2 7 2
10 9 9 8
25 15 24 15
9 5 8 5
19 14 18 13
13 7 12 6
6 3 5 2
9 8 8 7
24 10 23 10
25 24 24 23
16 12 15 12
20 8 19 7
10 6 9 5
5 5 4 4
14 6 13 6
15 12 14 11
14 8 13 7
11 4 10 4
3 2 2 1
26 25 25 24
21 14 20 13
6 0 5 0
24 6 23 5
7 5 6 4
25 23 24 22
5 1 4 1
13 4 12 3
15 1 14 1
13 10 12 9
26 17 25 16
5 0 4 0
29 22 28 22
12 11 11 10
20 11 19 11
7 2 6 2
17 10 16 9
24 24 23 23
20 1 19 1
18 4 17 4
14 4 13 4
12 1 11 1
6 2 5 1
19 2 18 2
15 9 14 8
5 1 4 1
5 2 4 2
9 3 8 3
20 2 19 2
8 3 7 3
29 14 28 13
24 23 23 22
20 15 19 14
21 12 20 11
9 4 8 3
27 13 26 12
18 2 17 2
9 2 8 2
29 29 28 28
9 6 8 6
15 5 14 4
13 7 12 7
6 4 5 3
15 11 14 11
23 9 22 8
9 9 8 8
19 8 18 8
22 9 21 8
28 25 27 25
18 11 17 10
12 4 11 4
29 6 28 5
28 21 27 20
21 2 20 2
24 10 23 9
22 13 21 12
7 4 6 3
22 12 21 12
22 2 21 2
5 3 4 3
24 18 23 17
20 13 19 12
17 2 16 1
18 14 17 14
21 6 20 5
10 5 9 4
18 9 17 8
21 0 20 0
26 6 25 6
28 4 27 4
22 19 21 18
27 4 26 3
14 11 13 10
24 16 23 15
10 3 9 3
23 2 22 1
28 9 27 8
21 11 20 11
22 8 21 7
10 4 9 3
19 5 18 5
11 3 10 2
14 8 13 8
14 1 13 1
27 16 26 15
10 6 9 6
18 1 17 0
8 2 7 1
22 12 21 11
19 10 18 9
25 25 24 24
16 11 15 10
27 11 26 10
11 1 10 0
28 2 27 1
4 0 3 0
23 20 22 19
19 1 18 0
19 4 18 3
20 11 19 10
9 3 8 2
22 3 21 3
10 0 9 0
3 0 2 0
17 16 16 15
11 8 10 7
17 7 16 7
21 11 20 11
18 13 17 12
7 7 6 6
14 13 13 12
24 12 23 11
17 12 16 11
11 10 10 9
29 20 28 20
28 14 27 14
11 7 10 6
8 5 7 4
21 3 20 3
23 12 22 12
25 21 24 20
22 11 21 11
23 22 22 22
15 13 14 13
18 6 17 6
14 12 13 11
13 1 12 1
11 11 10 10
16 2 15 1
23 16 22 16
16 11 15 10
12 1 11 0
8 6 7 6
21 9 20 8
20 8 19 8
20 12 19 12
26 15 25 14
13 8 12 8
13 4 12 4
8 3 7 2
15 8 14 8
16 9 15 9
15 4 14 3
8 8 7 7
10 1 9 1
29 14 28 14
16 0 15 0
22 22 21 21
26 26 25 25
6 5 5 4
9 1 8 0
4 2 3 2
23 13 22 13
14 1 13 1
29 10 28 9
25 8 24 8
19 10 18 10
28 28 27 27
15 14 14 13
25 19 24 19
29 4 28 4
12 9 11 8
22 9 21 9
7 5 6 4
21 12 20 11
10 10 9 9
24 15 23 14
10 9 9 8
17 15 16 14
26 8 25 7
24 17 23 16
9 9 8 8
21 2 20 2
11 9 10 9
26 2 25 2
7 7 6 6
26 7 25 7
12 2 11 2
3 2 2 1
19 13 18 13
24 20 23 20
25 20 24 20
13 2 12 2
14 2 13 2
8 7 7 7
27 26 26 25
12 2 11 2
27 20 26 19
16 3 15 2
6 3 5 3
22 15 21 14
10 2 9 2
26 18 25 17
10 4 9 3
19 8 18 8
17 13 16 13
15 3 14 2
20 9 19 8
11 1 10 0
28 1 27 0
23 6 22 6
16 4 15 4
13 6 12 5
29 17 28 17
13 13 12 12
10 8 9 7
21 8 20 8
28 19 27 18
22 16 21 16
6 6 5 5
18 15 17 15
14 3 13 2
22 6 21 5
10 7 9 6
18 12 17 11
16 5 15 5
17 14 16 14
17 5 16 5
14 4 13 4
12 12 11 11
12 11 11 10
15 5 14 4
27 18 26 17
11 8 10 8
27 25 26 24
28 13 27 13
7 6 6 5
21 18 20 17
22 21 21 20
19 2 18 2
24 8 23 7
4 1 3 1
27 15 26 14
24 14 23 13
25 10 24 10
10 6 9 5
22 4 21 3
25 23 24 23
9 4 8 3
27 1 26 1
22 18 21 18
22 13 21 12
3 1 2 1
11 6 10 5
5 5 4 4
15 2 14 1
7 0 6 0
25 16 24 15
7 3 6 2
9 5 8 5
19 16 18 15
26 14 25 13
14 0 13 0
21 17 20 16
18 15 17 15
14 8 13 8
23 10 22 9
16 14 15 13
26 16 25 16
13 2 12 2
20 17 19 16
13 3 12 3
17 11 16 11
19 15 18 14
12 1 11 1
29 0 28 0
18 7 17 7
19 11 18 11
18 8 17 7
9 8 8 7
23 22 22 22
7 1 6 1
19 7 18 6
14 5 13 5
9 7 8 6
6 2 5 2
8 4 7 3
14 9 13 9
24 23 23 22
14 6 13 6
22 19 21 18
10 10 9 9
26 22 25 21
22 14 21 14
10 8 9 7
17 7 16 7
27 13 26 13
12 6 11 5
5 4 4 3
13 6 12 6
14 10 13 10
13 12 12 11
13 0 12 0
24 13 23 12
27 22 26 22
24 7 23 6
22 5 21 4
20 5 19 4
11 2 10 1
6 5 5 4
12 6 11 6
21 14 20 13
14 1 13 1
25 18 24 17
16 10 15 10
14 13 13 12
12 0 11 0
18 5 17 5
20 2 19 2
21 11 20 11
14 6 13 6
12 8 11 8
8 5 7 5
18 14 17 13
19 12 18 12
26 13 25 13
28 17 27 16
15 13 14 13
23 22 22 21
16 7 15 7
23 14 22 13
18 11 17 11
9 5 8 4
23 8 22 7
7 4 6 4
23 11 22 11
17 7 16 7
8 6 7 6
5 3 4 2
18 16 17 16
20 16 19 15
11 4 10 3
7 2 6 2
20 14 19 14
26 20 25 20
25 25 24 24
21 14 20 14
16 15 15 14
19 5 18 5
15 4 14 3
11 11 10 10
16 13 15 13
7 5 6 4
25 13 24 13
13 10 12 9
12 11 11 11
16 3 15 3
13 9 12 8
15 7 14 6
12 2 11 2
10 1 9 1
14 7 13 7
17 5 16 4
23 7 22 6
21 12 20 12
12 5 11 4
21 21 20 20
24 11 23 10
9 7 8 6
19 8 18 7
28 15 27 15
26 11 25 10
5 4 4 3
22 14 21 14
4 4 3 3
13 6 12 5
14 10 13 10
29 11 28 11
16 4 15 4
17 17 16 16
17 8 16 7
3 3 2 2
13 10 12 10
24 7 23 7
21 17 20 17
27 15 26 14
23 21 22 20
19 19 18 18
27 11 26 11
29 21 28 21
11 8 10 8
27 27 26 26
20 7 19 7
21 8 20 7
13 1 12 1
16 7 15 7
21 7 20 7
12 12 11 11
12 9 11 9
26 13 25 13
10 3 9 3
17 15 16 14
26 3 25 3
23 17 22 17
26 23 25 23
26 10 25 10
24 18 23 17
11 4 10 4
14 4 13 3
6 1 5 1
27 4 26 3
21 5 20 5
22 22 21 21
19 15 18 14
28 20 27 19
12 3 11 3
20 11 19 11
9 6 8 5
22 1 21 1
15 4 14 4
22 5 21 5
13 8 12 8
20 13 19 13
23 3 22 2
23 16 22 15
12 10 11 10
23 6 22 5
18 12 17 12
9 1 8 1
17 6 16 5
24 19 23 19
26 18 25 18
17 2 16 2
27 14 26 13
17 14 16 13
17 3 16 3
16 6 15 5
13 4 12 3
17 13 16 12
11 0 10 0
16 11 15 11
14 4 13 4
21 19 20 19
21 18 20 18
8 6 7 5
11 9 10 9
27 21 26 20
17 10 16 9
23 10 22 10
25 21 24 20
16 3 15 3
7 3 6 3
27 19 26 18
24 17 23 16
25 12 24 11
19 11 18 11
13 12 12 11
28 21 27 21
20 1 19 1
22 7 21 6
24 1 23 1
11 5 10 4
16 9 15 8
15 11 14 10
28 11 27 11
20 6 19 5
27 0 26 0
18 7 17 7
25 8 24 7
8 5 7 4
15 13 14 12
18 14 17 14
13 5 12 5
21 16 20 15
18 2 17 2
12 11 11 10
11 10 10 9
7 7 6 6
15 8 14 8
20 12 19 12
23 19 22 18
10 0 9 0
4 3 3 2
18 5 17 5
24 2 23 2
18 10 17 10
23 1 22 0
8 8 7 7
29 20 28 19
15 5 14 4
27 8 26 8
3 2 2 2
14 1 13 1
22 20 21 19
17 10 16 9
12 7 11 7
8 1 7 1
6 6 5 5
10 4 9 4
22 11 21 10
18 6 17 5
18 18 17 17
7 7 6 6
16 5 15 5
26 14 25 13
17 7 16 7
15 12 14 11
19 15 18 14
19 2 18 2
29 22 28 21
18 15 17 15
9 9 8 8
16 13 15 12
10 5 9 5
7 6 6 5
19 1 18 1
21 7 20 6
5 1 4 1
17 15 16 15
22 5 21 5
14 8 13 7
25 6 24 6
10 10 9 9
12 3 11 3
12 10 11 9
18 4 17 3
17 11 16 10
9 4 8 3
24 7 23 6
28 16 27 15
16 2 15 2
28 21 27 20
14 14 13 13
11 5 10 5
16 14 15 13
23 6 22 5
8 0 7 0
13 13 12 12
21 11 20 11
25 13 24 12
25 19 24 18
21 12 20 12
22 3 21 3
24 24 23 23
9 2 8 2
26 4 25 4
6 4 5 3
17 6 16 6
12 5 11 5
13 8 12 7
16 12 15 11
26 9 25 8
24 4 23 3
17 14 16 13
27 4 26 4
6 5 5 4
13 6 12 5
11 7 10 7
10 7 9 6
15 10 14 9
19 5 18 5
15 5 14 5
23 0 22 0
22 16 21 16
13 10 12 9
22 7 21 7
17 0 16 0
19 13 18 12
16 8 15 8
12 0 11 0
8 2 7 2
25 14 24 14
15 13 14 13
21 13 20 13
14 2 13 2
25 4 24 4
9 9 8 8
12 8 11 8
5 4 4 3
13 2 12 2
15 9 14 8
19 6 18 6
11 9 10 8
24 20 23 19
23 8 22 7
25 9 24 8
14 9 13 9
12 12 11 11
11 2 10 2
14 3 13 2
26 5 25 5
23 9 22 8
21 15 20 14
21 5 20 4
25 7 24 7
24 11 23 11
25 16 24 16
15 9 14 9
15 1 14 1
22 0 21 0
29 11 28 11
23 7 22 7
14 12 13 12
20 17 19 17
26 21 25 21
14 13 13 13
17 5 16 4
8 3 7 3
14 10 13 10
27 11 26 11
19 11 18 10
17 9 16 8
8 8 7 7
9 5 8 4
21 16 20 16
16 9 15 9
17 17 16 16
15 11 14 10
25 21 24 20
14 2 13 2
27 16 26 16
13 5 12 5
17 15 16 14
18 0 17 0
28 22 27 22
23 20 22 20
25 3 24 2
25 18 24 17
28 14 27 14
20 10 19 10
20 15 19 15
24 2 23 1
18 11 17 10
13 9 12 9
27 24 26 23
13 3 12 3
22 2 21 2
15 8 14 7
14 7 13 6
26 19 25 18
10 9 9 8
17 1 16 1
23 11 22 11
7 1 6 1
14 6 13 5
16 10 15 10
20 11 19 11
9 9 8 8
15 3 14 3
16 16 15 15
12 7 11 6
23 5 22 4
19 15 18 14
24 22 23 21
5 3 4 2
18 7 17 7
28 24 27 24
14 4 13 3
12 2 11 2
11 11 10 10
7 2 6 2
22 19 21 18
11 5 10 4
22 5 21 5
22 11 21 11
10 4 9 4
6 3 5 2
21 0 20 0
22 10 21 9
10 8 9 7
28 27 27 26
27 20 26 19
18 5 17 5
14 9 13 8
15 6 14 6
16 13 15 12
25 5 24 5
22 13 21 13
27 21 26 21
24 4 23 3
5 5 4 4
28 17 27 16
16 9 15 8
21 15 20 15
21 6 20 6
22 18 21 17
26 20 25 19
27 14 26 14
22 9 21 8
23 18 22 18
26 13 25 12
15 12 14 11
22 15 21 15
28 6 27 5
19 16 18 16
14 10 13 9
22 18 21 18
17 10 16 10
4 4 3 3
22 6 21 6
23 1 22 1
16 6 15 6
26 15 25 14
15 8 14 7
6 1 5 0
10 2 9 1
15 0 14 0
29 17 28 17
26 7 25 6
13 7 12 6
12 12 11 11
11 1 10 1
15 2 14 2
16 1 15 1
19 0 18 0
7 7 6 6
28 28 27 27
22 12 21 12
24 15 23 14
12 1 11 1
24 9 23 8
13 10 12 10
23 7 22 6
4 2 3 1
22 17 21 16
16 4 15 3
12 3 11 3
5 2 4 1
29 28 28 27
24 19 23 18
15 13 14 12
17 1 16 1
17 13 16 12
23 2 22 2
24 20 23 20
9 0 8 0
27 2 26 2
26 12 25 12
14 0 13 0
25 1 24 1
12 6 11 5
6 6 5 5
11 6 10 6
23 20 22 19
8 0 7 0
20 4 19 3
18 3 17 3
14 5 13 4
20 18 19 18
22 8 21 7
19 6 18 5
15 7 14 7
14 1 13 1
5 0 4 0
13 12 12 11
20 2 19 2
29 16 28 16
22 7 21 7
19 3 18 3
21 10 20 9
20 14 19 14
24 5 23 5
26 16 25 16
27 15 26 15
13 11 12 10
17 2 16 2
22 1 21 1
19 11 18 11
28 22 27 21
17 5 16 5
18 13 17 13
20 16 19 15
24 14 23 13
11 10 10 9
13 1 12 1
28 21 27 20
14 11 13 10
21 12 20 11
20 0 19 0
20 3 19 3
27 6 26 6
12 9 11 9
5 5 4 4
23 6 22 5
15 3 14 3
21 19 20 18
13 9 12 8
23 4 22 3
4 4 3 3
13 4 12 4
13 10 12 9
12 8 11 7
21 4 20 3
16 10 15 9
20 11 19 11
25 12 24 11
23 22 22 22
20 20 19 19
11 7 10 7
13 6 12 5
22 4 21 4
12 4 11 4
19 17 18 17
23 17 22 16
24 11 23 11
19 11 18 11
11 4 10 3
11 9 10 8
7 4 6 3
27 8 26 7
28 27 27 26
20 7 19 6
17 17 16 16
26 10 25 9
13 0 12 0
25 6 24 5
13 5 12 4
14 1 13 1
18 10 17 10
21 14 20 14
21 17 20 16
22 20 21 19
27 21 26 20
14 12 13 11
29 24 28 23
23 5 22 5
21 1 20 0
16 0 15 0
17 4 16 4
26 6 25 6
23 11 22 11
22 3 21 3
11 3 10 2
12 0 11 0
19 14 18 13
24 18 23 17
10 3 9 2
28 15 27 15
18 2 17 1
10 9 9 9
19 10 18 10
23 8 22 8
22 16 21 15
10 5 9 5
20 5 19 5
14 4 13 4
25 20 24 20
20 13 19 13
26 3 25 3
10 7 9 7
12 9 11 9
21 8 20 7
14 6 13 6
9 2 8 1
25 3 24 2
27 17 26 16
23 12 22 12
12 10 11 10
12 4 11 3
21 3 20 2
14 7 13 7
24 6 23 6
24 2 23 2
9 5 8 5
15 1 14 1
23 14 22 14
14 2 13 2
27 5 26 5
9 7 8 6
16 8 15 8
9 4 8 3
26 12 25 12
11 10 10 9
23 0 22 0
17 1 16 0
24 14 23 14
28 7 27 6
18 14 17 14
23 15 22 15
11 5 10 4
21 6 20 5
24 13 23 12
21 13 20 13
13 3 12 2
24 16 23 15
20 8 19 8
10 6 9 5
15 5 14 4
20 15 19 14
26 22 25 21
29 7 28 7
25 6 24 6
11 2 10 1
23 17 22 17
24 8 23 8
7 0 6 0
16 7 15 7
12 11 11 10
28 19 27 19
6 0 5 0
28 9 27 8
28 23 27 23
6 3 5 3
5 0 4 0
13 5 12 4
9 8 8 7
11 3 10 3
15 3 14 2
23 6 22 6
13 4 12 4
12 4 11 4
26 23 25 22
24 1 23 1
12 2 11 2
19 0 18 0
18 1 17 1
11 8 10 7
20 10 19 10
11 0 10 0
17 8 16 8
13 7 12 7
11 1 10 1
4 0 3 0
25 13 24 13
23 19 22 19
24 20 23 20
19 13 18 12
25 18 24 18
24 22 23 22
10 0 9 0
16 1 15 1
22 18 21 17
23 9 22 9
26 15 25 14
26 20 25 20
26 0 25 0
15 7 14 6
20 3 19 2
16 2 15 2
23 10 22 10
21 21 20 20
18 6 17 6
27 20 26 20
8 7 7 6
28 16 27 16
13 2 12 2
20 16 19 16
12 1 11 0
21 16 20 15
12 3 11 3
9 9 8 8
8 8 7 7
23 8 22 7
19 1 18 1
10 4 9 3
20 9 19 8
26 25 25 25
3 0 2 0
22 12 21 12
11 10 10 9
7 7 6 6
19 16 18 15
14 3 13 3
20 0 19 0
18 9 17 9
11 9 10 8
19 19 18 18
19 9 18 9
6 6 5 5
24 18 23 17
21 18 20 17
26 18 25 18
20 17 19 16
15 8 14 7
25 9 24 9
11 0 10 0
21 10 20 10
23 18 22 18
20 1 19 1
9 5 8 5
22 19 21 18
18 9 17 8
5 5 4 4
22 6 21 6
10 8 9 7
19 8 18 7
19 16 18 16
16 12 15 11
19 2 18 2
17 8 16 7
18 7 17 7
17 2 16 1
17 1 16 1
15 3 14 3
10 1 9 1
11 4 10 4
9 3 8 2
27 7 26 6
16 3 15 3
14 13 13 12
25 15 24 14
11 2 10 2
25 21 24 20
25 12 24 11
17 12 16 12
29 22 28 21
18 12 17 12
26 7 25 7
16 8 15 7
19 18 18 17
21 17 20 16
28 22 27 21
15 9 14 9
21 20 20 20
22 9 21 8
2 0 1 0
14 1 13 1
23 7 22 6
22 0 21 0
24 20 23 19
17 12 16 11
20 5 19 4
19 10 18 9
27 13 26 13
16 11 15 11
17 3 16 3
28 7 27 7
10 10 9 9
22 14 21 14
23 21 22 20
21 9 20 8
22 11 21 10
10 0 9 0
18 1 17 1
20 10 19 9
8 2 7 1
28 13 27 13
16 5 15 5
16 13 15 12
9 9 8 8
15 5 14 4
17 0 16 0
22 17 21 16
19 7 18 6
19 13 18 12
19 12 18 11
27 26 26 26
18 16 17 15
29 20 28 19
9 0 8 0
23 13 22 12
23 12 22 11
19 17 18 16
10 0 9 0
28 18 27 17
29 8 28 7
28 5 27 5
22 18 21 17
26 21 25 21
18 10 17 10
12 2 11 2
24 6 23 5
23 17 22 17
18 8 17 8
10 7 9 7
24 18 23 17
17 9 16 9
17 7 16 6
27 23 26 22
19 0 18 0
8 5 7 5
26 2 25 1
25 20 24 19
23 14 22 13
21 6 20 6
14 4 13 4
18 18 17 17
24 12 23 11
16 10 15 9
17 17 16 16
16 4 15 4
22 15 21 15
18 13 17 12
22 12 21 11
26 10 25 9
29 21 28 21
23 15 22 14
18 6 17 5
19 6 18 5
18 2 17 2
27 24 26 23
27 9 26 9
8 0 7 0
16 3 15 3
9 0 8 0
13 11 12 10
20 9 19 8
11 9 10 8
24 7 23 7
15 10 14 10
20 15 19 14
17 15 16 14
21 16 20 15
7 6 6 5
27 16 26 16
23 11 22 11
25 25 24 24
24 0 23 0
28 17 27 17
28 20 27 20
25 22 24 22
25 12 24 12
25 10 24 10
6 5 5 4
18 5 17 4
23 20 22 19
24 15 23 14
22 4 21 3
21 0 20 0
10 3 9 2
16 16 15 15
8 8 7 7
18 17 17 16
24 12 23 12
19 4 18 4
16 9 15 8
12 5 11 5
28 6 27 5
15 15 14 14
22 2 21 1
10 2 9 1
25 5 24 4
18 4 17 3
12 7 11 6
7 0 6 0
19 3 18 2
23 7 22 6
18 15 17 15
25 16 24 16
23 0 22 0
15 3 14 3
25 9 24 8
27 10 26 10
23 3 22 2
16 0 15 0
24 21 23 21
27 8 26 7
26 6 25 5
14 6 13 6
26 17 25 16
17 14 16 13
25 24 24 23
25 8 24 7
11 6 10 5
20 18 19 17
17 11 16 10
20 14 19 13
21 17 20 17
15 9 14 8
18 9 17 9
25 17 24 17
22 5 21 5
22 3 21 3
28 1 27 1
16 7 15 6
25 18 24 18
26 19 25 18
26 9 25 8
24 10 23 9
9 7 8 6
26 16 25 15
15 12 14 11
22 20 21 19
13 4 12 4
23 19 22 18
11 4 10 3
14 5 13 5
7 5 6 4
21 11 20 11
24 11 23 10
19 15 18 14
14 11 13 10
27 5 26 4
22 19 21 18
24 20 23 20
18 15 17 14
27 16 26 16
22 17 21 16
13 1 12 0
25 11 24 10
27 17 26 17
25 7 24 6
14 14 13 13
18 0 17 0
22 13 21 13
13 10 12 9
13 12 12 12
15 6 14 6
17 6 16 5
26 21 25 20
24 23 23 22
19 1 18 1
28 10 27 9
8 6 7 5
7 5 6 4
15 5 14 5
24 4 23 4
5 4 4 3
23 1 22 1
17 10 16 9
18 10 17 10
18 14 17 14
12 9 11 8
10 8 9 7
17 16 16 15
22 0 21 0
18 11 17 11
4 3 3 2
14 2 13 2
6 0 5 0
18 3 17 2
21 16 20 15
22 22 21 21
17 8 16 8
12 0 11 0
15 14 14 13
24 8 23 7
19 17 18 16
15 2 14 2
17 11 16 11
24 5 23 4
11 8 10 8
25 4 24 4
19 5 18 5
10 7 9 7
9 2 8 2
15 4 14 4
9 7 8 7
17 5 16 4
20 7 19 7
24 9 23 8
26 13 25 12
3 2 2 2
17 4 16 3
2 2 1 1
10 5 9 5
23 16 22 16
19 10 18 9
29 9 28 9
21 9 20 9
17 3 16 2
14 7 13 7
25 12 24 12
26 14 25 13
16 2 15 2
24 17 23 17
10 9 9 8
5 0 4 0
10 8 9 7
26 5 25 4
20 11 19 10
16 13 15 12
22 10 21 9
13 3 12 3
25 8 24 8
26 11 25 11
20 19 19 18
24 13 23 13
17 2 16 2
24 7 23 6
25 18 24 17
23 23 22 22
4 0 3 0
24 18 23 18
25 19 24 19
20 12 19 11
16 8 15 7
17 0 16 0
21 8 20 7
20 8 19 8
20 17 19 17
21 12 20 11
9 1 8 1
22 6 21 5
16 2 15 1
27 2 26 2
6 4 5 3
28 11 27 10
27 7 26 6
27 3 26 3
18 2 17 2
8 2 7 2
15 1 14 1
20 5 19 4
21 14 20 14
25 14 24 13
23 17 22 17
16 6 15 6
1 1 0 0
26 3 25 3
21 9 20 9
27 12 26 12
19 0 18 0
18 0 17 0
14 4 13 4
21 2 20 1
12 10 11 9
18 12 17 11
11 3 10 3
11 9 10 9
26 14 25 14
26 7 25 6
22 14 21 14
11 5 10 4
23 5 22 4
22 11 21 11
16 14 15 13
10 3 9 3
16 1 15 1
3 0 2 0
19 11 18 11
8 1 7 1
20 14 19 13
27 15 26 14
22 16 21 16
26 25 25 24
25 5 24 4
27 14 26 13
7 1 6 1
24 17 23 17
26 12 25 12
20 12 19 11
15 1 14 0
14 9 13 8
22 8 21 8
20 3 19 2
27 13 26 12
19 13 18 12
18 11 17 10
16 3 15 3
20 20 19 19
19 10 18 9
15 12 14 11
14 11 13 10
15 0 14 0
16 11 15 10
15 8 14 7
2 0 1 0
16 15 15 14
27 11 26 11
20 6 19 6
19 9 18 8
10 4 9 4
27 19 26 18
25 21 24 21
13 5 12 5
24 23 23 23
9 4 8 3
18 5 17 5
7 5 6 4
1 0 0 0
9 6 8 5
10 2 9 2
21 18 20 18
21 10 20 10
10 7 9 6
22 1 21 1
28 6 27 5
27 0 26 0
8 3 7 3
14 0 13 0
28 4 27 4
14 3 13 3
5 3 4 2
29 6 28 5
16 2 15 1
12 3 11 3
11 0 10 0
19 8 18 7
24 8 23 7
17 2 16 1
29 11 28 10
28 2 27 2
22 21 21 21
12 5 11 4
13 4 12 3
23 2 22 1
25 6 24 6
4 2 3 1
28 19 27 19
24 5 23 5
14 1 13 1
16 12 15 12
22 4 21 3
13 6 12 6
28 15 27 14
21 13 20 12
24 22 23 21
20 1 19 1
9 2 8 2
23 4 22 3
24 19 23 19
23 16 22 16
21 21 20 20
29 14 28 13
3 1 2 1
25 2 24 2
14 13 13 12
17 5 16 4
23 5 22 5
27 4 26 4
18 16 17 16
27 19 26 19
22 17 21 17
21 7 20 6
25 5 24 5
23 18 22 17
29 15 28 15
26 6 25 5
28 14 27 13
9 1 8 1
20 4 19 3
17 16 16 15
13 13 12 12
20 9 19 9
20 0 19 0
19 14 18 14
14 10 13 9
26 17 25 17
23 14 22 14
22 2 21 2
13 0 12 0
17 10 16 10
18 7 17 7
16 4 15 4
19 3 18 2
13 7 12 7
19 7 18 6
20 8 19 8
27 5 26 5
24 2 23 2
19 8 18 7
17 14 16 13
22 12 21 12
21 11 20 11
19 4 18 4
21 17 20 17
21 2 20 1
7 2 6 2
20 15 19 15
15 3 14 3
13 9 12 8
21 16 20 15
18 3 17 3
24 16 23 15
23 10 22 10
14 2 13 2
11 4 10 4
8 5 7 4
26 2 25 2
21 19 20 19
26 10 25 9
20 7 19 7
26 15 25 14
26 18 25 18
16 10 15 9
25 6 24 5
15 4 14 4
28 6 27 5
23 11 22 11
21 1 20 0
24 12 23 11
15 1 14 0
7 4 6 3
25 0 24 0
12 8 11 7
29 16 28 15
17 11 16 11
11 7 10 6
24 11 23 10
20 4 19 4
19 15 18 15
24 10 23 10
18 14 17 14
23 15 22 14
28 12 27 12
14 7 13 6
22 16 21 16
17 7 16 7
27 22 26 21
17 9 16 8
24 13 23 12
16 1 15 1
19 11 18 10
10 6 9 5
8 2 7 2
17 13 16 12
18 9 17 8
24 14 23 14
9 8 8 7
23 13 22 12
29 21 28 20
20 2 19 2
16 13 15 12
11 2 10 2
20 6 19 5
21 4 20 3
17 14 16 14
11 3 10 3
23 9 22 8
20 11 19 10
22 18 21 18
21 11 20 11
10 4 9 4
14 6 13 5
10 2 9 2
16 14 15 13
14 14 13 13
25 9 24 8
10 0 9 0
17 3 16 3
26 0 25 0
17 5 16 4
19 9 18 8
23 19 22 18
18 4 17 4
14 3 13 3
27 6 26 6
19 1 18 1
16 3 15 3
25 5 24 5
19 14 18 14
22 3 21 2
27 9 26 9
13 10 12 9
15 1 14 1
21 2 20 2
13 6 12 5
18 11 17 11
20 11 19 11
20 13 19 13
16 9 15 8
16 15 15 15
19 18 18 18
24 6 23 5
12 0 11 0
15 9 14 9
14 8 13 7
15 8 14 7
13 8 12 8
20 18 19 17
28 9 27 9
18 13 17 13
15 12 14 11
14 11 13 10
20 10 19 9
28 11 27 11
20 19 19 18
20 3 19 3
24 3 23 3
19 9 18 9
17 8 16 8
15 14 14 13
10 3 9 3
10 9 9 8
6 3 5 2
18 15 17 14
16 0 15 0
18 7 17 7
17 15 16 15
22 10 21 10
19 0 18 0
22 17 21 17
14 4 13 4
18 9 17 9
16 7 15 7
13 4 12 3
25 13 24 12
28 8 27 8
19 17 18 17
27 7 26 6
12 8 11 7
28 17 27 16
17 7 16 6
21 18 20 18
6 2 5 1
7 3 6 2
12 3 11 3
5 2 4 1
11 3 10 3
22 20 21 19
22 2 21 2
13 3 12 3
13 1 12 1
21 10 20 9
16 10 15 9
23 6 22 5
26 13 25 13
27 14 26 13
8 7 7 6
21 19 20 19
12 9 11 8
7 6 6 5
14 9 13 9
21 0 20 0
15 0 14 0
17 10 16 10
14 1 13 1
22 11 21 11
21 11 20 10
22 13 21 13
15 13 14 12
11 8 10 7
13 5 12 5
19 2 18 2
22 22 21 21
18 1 17 1
23 23 22 22
19 3 18 3
25 15 24 15
11 7 10 6
22 14 21 13
23 22 22 22
10 6 9 6
17 12 16 11
19 16 18 15
24 21 23 20
22 22 21 21
17 4 16 3
15 11 14 10
9 5 8 4
16 3 15 3
28 23 27 22
11 0 10 0
10 7 9 7
18 6 17 6
25 13 24 13
16 14 15 13
28 3 27 3
24 4 23 4
26 21 25 21
10 0 9 0
25 11 24 11
12 1 11 1
28 16 27 15
19 19 18 18
9 4 8 3
12 7 11 6
21 3 20 3
17 0 16 0
16 15 15 14
21 14 20 14
25 17 24 17
28 8 27 7
12 12 11 11
6 5 5 4
20 1 19 1
18 3 17 3
15 14 14 14
16 0 15 0
24 15 23 15
12 5 11 5
20 9 19 8
17 6 16 6
22 18 21 18
22 19 21 18
11 5 10 5
8 4 7 4
23 12 22 11
25 2 24 1
13 10 12 10
18 2 17 2
13 8 12 7
9 6 8 5
13 1 12 1
15 6 14 5
19 10 18 9
28 14 27 14
22 12 21 11
26 16 25 15
19 5 18 5
26 15 25 15
12 4 11 4
6 2 5 1
16 11 15 11
19 12 18 11
15 9 14 9
24 5 23 5
5 4 4 4
29 3 28 2
25 12 24 12
11 11 10 10
17 9 16 9
17 14 16 14
7 4 6 4
17 1 16 1
24 13 23 13
20 17 19 16
27 2 26 2
4 4 3 3
15 15 14 14
18 5 17 5
15 7 14 6
3 3 2 2
21 11 20 11
26 12 25 11
11 6 10 5
19 7 18 7
12 3 11 3
23 5 22 5
13 9 12 8
23 17 22 16
22 5 21 4
17 2 16 2
27 1 26 0
29 11 28 11
14 9 13 8
20 0 19 0
26 14 25 13
11 1 10 1
18 7 17 7
27 20 26 19
21 21 20 20
16 4 15 4
21 8 20 8
15 3 14 3
20 16 19 15
25 14 24 13
24 22 23 22
16 7 15 6
10 5 9 5
26 9 25 8
17 15 16 15
10 10 9 9
21 6 20 5
24 13 23 12
26 6 25 6
28 15 27 14
16 6 15 5
13 8 12 7
26 2 25 2
18 12 17 11
18 18 17 17
16 8 15 8
14 7 13 6
9 0 8 0
18 11 17 10
16 3 15 3
16 1 15 1
13 4 12 4
17 3 16 3
29 12 28 12
14 14 13 13
15 10 14 9
22 15 21 14
13 13 12 12
16 10 15 9
20 8 19 7
17 4 16 4
17 5 16 4
15 2 14 2
27 9 26 9
19 19 18 18
20 2 19 2
20 20 19 19
14 3 13 3
16 3 15 2
27 12 26 12
8 0 7 0
26 17 25 17
20 10 19 9
17 17 16 16
19 1 18 1
7 0 6 0
6 0 5 0
11 3 10 2
25 8 24 7
14 2 13 2
16 13 15 12
23 10 22 10
27 13 26 13
23 7 22 6
26 7 25 6
29 24 28 23
16 16 15 15
10 3 9 3
11 3 10 3
5 0 4 0
19 12 18 11
20 14 19 13
21 15 20 14
23 21 22 20
23 20 22 19
23 6 22 5
14 13 13 12
21 13 20 13
18 15 17 14
24 11 23 10
13 6 12 5
19 7 18 6
19 19 18 18
16 9 15 9
21 16 20 16
20 15 19 14
19 16 18 15
22 6 21 6
23 5 22 5
14 0 13 0
13 2 12 2
12 8 11 8
15 13 14 13
19 13 18 12
12 10 11 9
19 18 18 17
21 11 20 10
22 10 21 9
18 8 17 8
17 8 16 7
12 2 11 2
15 11 14 11
18 9 17 9
13 5 12 5
22 8 21 8
22 7 21 7
22 1 21 1
18 1 17 1
11 8 10 8
14 11 13 11
12 12 11 11
13 11 12 10
15 3 14 3
19 1 18 1
15 8 14 8
20 18 19 17
19 15 18 14
29 17 28 16
23 11 22 10
25 11 24 11
20 5 19 4
18 15 17 15
21 5 20 4
10 1 9 1
19 14 18 14
29 16 28 15
12 10 11 10
23 6 22 6
21 20 20 20
9 3 8 3
21 18 20 17
24 7 23 6
15 15 14 14
4 0 3 0
20 11 19 10
16 2 15 2
17 15 16 14
19 6 18 5
11 9 10 8
3 0 2 0
20 17 19 16
20 4 19 3
25 13 24 13
11 11 10 10
19 4 18 4
12 5 11 5
24 11 23 11
15 1 14 1
24 0 23 0
19 3 18 3
11 10 10 9
25 7 24 7
21 12 20 11
26 9 25 8
17 9 16 8
17 1 16 1
15 12 14 11
22 20 21 19
25 24 24 23
26 15 25 14
26 12 25 11
10 2 9 2
14 10 13 9
27 3 26 3
24 17 23 16
14 12 13 11
25 3 24 3
13 5 12 5
25 12 24 11
23 16 22 15
14 14 13 13
19 8 18 7
25 5 24 4
22 19 21 18
26 3 25 3
13 7 12 7
27 0 26 0
13 12 12 11
23 10 22 9
25 21 24 20
27 14 26 14
21 9 20 9
16 14 15 13
19 10 18 9
12 11 11 10
15 2 14 2
17 13 16 13
20 14 19 14
26 13 25 12
21 4 20 4
21 0 20 0
16 4 15 4
21 1 20 1
21 19 20 18
14 5 13 5
27 21 26 21
12 10 11 9
13 13 12 12
24 5 23 5
18 14 17 13
15 0 14 0
17 15 16 14
12 12 11 11
13 3 12 3
24 23 23 23
14 3 13 3
22 9 21 9
18 5 17 4
9 9 8 8
17 14 16 13
8 8 7 7
18 4 17 3
19 14 18 13
16 7 15 7
19 2 18 2
16 16 15 15
20 2 19 2
12 6 11 5
23 4 22 3
18 1 17 1
28 2 27 2
24 9 23 9
24 8 23 7
23 20 22 19
26 24 25 24
15 11 14 10
15 5 14 4
14 6 13 6
26 4 25 4
14 4 13 4
15 6 14 6
23 2 22 2
24 22 23 21
18 6 17 5
24 12 23 12
16 5 15 4
23 5 22 5
25 16 24 16
13 4 12 4
12 4 11 4
12 3 11 3
25 9 24 9
18 0 17 0
15 13 14 12
8 3 7 2
25 4 24 4
13 7 12 6
13 9 12 9
28 12 27 11
27 11 26 10
20 13 19 12
22 21 21 20
21 6 20 6
27 22 26 21
23 21 22 20
11 2 10 2
17 3 16 3
12 9 11 8
17 11 16 11
14 12 13 12
13 3 12 3
21 2 20 2
17 0 16 0
16 11 15 10
25 18 24 18
15 7 14 7
19 11 18 11
14 11 13 10
14 8 13 8
14 9 13 9
16 3 15 3
25 11 24 10
10 2 9 1
17 7 16 6
21 9 20 8
22 4 21 4
9 5 8 4
22 2 21 2
7 7 6 6
28 22 27 21
23 7 22 6
16 9 15 8
10 9 9 8
12 7 11 6
24 7 23 7
21 14 20 13
18 3 17 3
13 8 12 7
9 8 8 7
24 16 23 15
6 6 5 5
13 12 12 11
23 2 22 2
27 10 26 10
13 10 12 9
14 1 13 1
20 16 19 15
19 12 18 11
26 21 25 20
24 4 23 3
20 6 19 5
25 10 24 10
22 16 21 16
18 15 17 14
13 11 12 10
11 5 10 4
18 11 17 11
18 8 17 7
9 1 8 1
23 8 22 8
19 9 18 8
23 12 22 12
22 12 21 11
10 10 9 9
9 2 8 2
21 11 20 10
26 9 25 9
21 17 20 16
21 2 20 2
11 4 10 3
22 10 21 10
25 17 24 17
5 5 4 4
20 10 19 10
16 0 15 0
17 5 16 4
23 15 22 14
19 10 18 9
24 20 23 19
24 8 23 8
17 11 16 10
18 12 17 11
13 5 12 5
16 8 15 7
14 2 13 2
13 6 12 6
9 9 8 8
19 12 18 11
23 9 22 9
19 17 18 16
12 10 11 9
10 4 9 4
11 11 10 10
17 13 16 12
12 7 11 7
12 5 11 5
10 2 9 2
11 7 10 6
14 12 13 11
15 10 14 10
27 8 26 7
12 3 11 2
27 18 26 18
15 9 14 8
22 9 21 9
13 0 12 0
24 17 23 17
8 1 7 1
18 18 17 17
11 3 10 2
12 0 11 0
18 16 17 16
23 5 22 4
9 7 8 6
22 6 21 6
10 6 9 6
24 24 23 23
21 7 20 7
14 0 13 0
20 9 19 8
16 14 15 13
21 4 20 4
20 18 19 17
14 10 13 10
13 0 12 0
13 2 12 2
7 1 6 1
6 1 5 1
9 2 8 1
8 8 7 7
24 10 23 10
25 1 24 1
12 2 11 2
5 1 4 1
19 19 18 18
11 10 10 9
17 6 16 6
23 19 22 18
8 1 7 1
16 13 15 12
28 10 27 10
4 4 3 3
17 4 16 4
11 8 10 7
11 4 10 4
4 1 3 1
11 5 10 5
16 1 15 1
16 6 15 5
22 5 21 5
17 14 16 13
10 3 9 3
13 10 12 9
19 16 18 15
19 8 18 8
16 4 15 3
16 10 15 9
20 7 19 7
15 0 14 0
18 7 17 7
19 17 18 16
18 8 17 8
17 15 16 14
19 13 18 12
15 4 14 4
3 1 2 1
15 3 14 3
19 8 18 7
23 8 22 7
10 7 9 7
20 16 19 15
15 9 14 9
14 9 13 8
10 9 9 8
14 4 13 4
22 3 21 3
25 22 24 21
23 6 22 6
14 8 13 7
22 11 21 10
20 12 19 11
19 7 18 7
14 13 13 12
26 11 25 11
15 1 14 1
9 4 8 3
10 10 9 9
27 13 26 12
18 7 17 6
16 12 15 11
27 9 26 9
25 11 24 10
15 7 14 7
11 9 10 8
13 9 12 8
20 13 19 12
8 2 7 2
20 14 19 13
9 9 8 8
11 3 10 3
20 19 19 19
24 10 23 9
21 8 20 7
14 0 13 0
18 13 17 12
22 15 21 14
8 6 7 5
17 11 16 11
8 3 7 3
11 2 10 2
10 8 9 8
24 6 23 6
22 8 21 7
14 10 13 9
18 16 17 15
7 2 6 2
11 0 10 0
13 1 12 1
7 5 6 4
10 2 9 1
12 9 11 8
25 25 24 24
20 4 19 4
8 7 7 6
19 12 18 11
7 6 6 5
26 25 25 24
17 0 16 0
21 5 20 5
19 0 18 0
21 18 20 17
21 9 20 8
10 5 9 4
21 6 20 6
9 2 8 2
17 8 16 7
16 11 15 10
9 1 8 1
6 2 5 2
10 0 9 0
19 5 18 5
14 3 13 3
17 17 16 16
12 6 11 5
12 0 11 0
19 11 18 10
22 6 21 5
20 20 19 19
14 7 13 6
25 9 24 8
17 3 16 3
15 11 14 11
12 3 11 3
7 1 6 1
23 16 22 15
20 3 19 3
12 8 11 7
24 17 23 16
9 0 8 0
17 16 16 15
8 1 7 1
15 10 14 9
23 6 22 5
20 8 19 8
11 7 10 6
16 16 15 15
25 10 24 10
21 10 20 9
13 8 12 7
9 7 8 6
6 5 5 4
8 6 7 5
25 8 24 7
13 4 12 4
9 6 8 5
24 5 23 5
11 5 10 4
5 2 4 2
17 7 16 6
19 18 18 18
20 9 19 9
16 7 15 6
21 21 20 20
5 4 4 3
21 14 20 13
9 3 8 2
19 8 18 8
9 8 8 7
16 15 15 14
15 12 14 11
8 7 7 6
19 15 18 14
8 0 7 0
12 4 11 4
20 5 19 5
7 5 6 5
10 2 9 2
16 0 15 0
23 10 22 10
12 7 11 6
16 3 15 2
8 5 7 4
22 7 21 6
11 0 10 0
15 0 14 0
6 4 5 3
18 18 17 17
15 6 14 5
10 6 9 5
7 3 6 3
22 18 21 17
17 17 16 16
24 3 23 3
9 5 8 4
7 6 6 6
11 6 10 5
4 2 3 2
11 4 10 4
13 9 12 8
21 17 20 16
19 3 18 3
15 13 14 12
10 8 9 7
23 5 22 5
7 0 6 0
19 17 18 16
14 1 13 1
15 2 14 2
14 2 13 2
19 19 18 18
7 4 6 3
6 5 5 4
6 0 5 0
24 8 23 8
21 3 20 3
7 7 6 6
6 6 5 5
21 6 20 5
18 3 17 3
10 0 9 0
16 13 15 12
18 0 17 0
8 8 7 7
23 9 22 8
6 3 5 3
20 13 19 12
20 0 19 0
12 11 11 10
22 10 21 9
21 20 20 19
13 6 12 5
26 22 25 21
23 17 22 17
16 4 15 4
5 3 4 3
24 11 23 10
9 0 8 0
7 7 6 6
21 0 20 0
17 3 16 2
13 1 12 0
25 11 24 11
28 13 27 13
20 7 19 6
13 3 12 3
20 20 19 19
19 9 18 8
17 15 16 14
14 12 13 11
22 17 21 16
16 6 15 5
12 3 11 3
18 10 17 10
13 11 12 10
20 16 19 15
17 10 16 9
18 2 17 2
21 16 20 15
23 0 22 0
17 0 16 0
17 2 16 1
22 14 21 13
8 4 7 3
7 5 6 4
20 6 19 5
19 6 18 6
15 15 14 14
7 3 6 2
25 21 24 20
16 1 15 1
12 5 11 5
16 2 15 2
5 5 4 4
15 2 14 2
14 9 13 8
14 14 13 13
8 0 7 0
10 5 9 4
7 1 6 1
16 0 15 0
4 4 3 3
19 18 18 18
8 2 7 2
21 4 20 4
13 13 12 12
18 18 17 17
11 3 10 3
16 9 15 8
26 8 25 7
14 5 13 5
13 12 12 11
15 14 14 13
19 0 18 0
20 2 19 2
20 1 19 1
24 18 23 18
17 12 16 12
6 1 5 1
16 14 15 13
24 7 23 7
16 16 15 15
17 15 16 14
18 6 17 6
24 9 23 9
15 13 14 12
15 0 14 0
18 11 17 10
14 12 13 11
20 6 19 6
6 6 5 5
19 15 18 14
15 5 14 5
24 5 23 5
23 7 22 6
16 12 15 11
26 7 25 6
12 12 11 11
18 8 17 8
6 2 5 1
17 10 16 10
19 12 18 11
5 5 4 4
11 10 10 9
21 13 20 12
11 8 10 7
22 6 21 5
14 11 13 10
27 13 26 13
19 5 18 4
10 7 9 6
5 1 4 1
13 8 12 8
9 4 8 3
26 9 25 9
13 11 12 10
15 15 14 14
11 11 10 10
23 9 22 8
20 0 19 0
18 11 17 11
15 1 14 1
13 2 12 2
15 11 14 10
14 13 13 12
9 6 8 5
25 7 24 7
26 23 25 22
14 2 13 2
25 3 24 3
18 4 17 4
17 6 16 5
12 1 11 1
17 17 16 16
8 3 7 2
27 8 26 8
25 9 24 8
13 0 12 0
13 10 12 9
7 2 6 1
27 16 26 15
22 3 21 3
16 16 15 15
20 12 19 11
12 2 11 2
13 1 12 1
22 8 21 8
17 4 16 4
4 1 3 1
24 7 23 6
20 17 19 16
19 19 18 18
23 3 22 3
23 6 22 6
17 8 16 8
19 16 18 15
11 1 10 1
17 11 16 11
16 4 15 4
10 1 9 1
24 1 23 1
22 17 21 16
14 1 13 1
24 12 23 12
8 5 7 4
18 15 17 14
18 17 17 16
6 1 5 1
19 1 18 1
15 8 14 8
21 18 20 17
18 18 17 17
17 16 16 15
28 17 27 16
16 8 15 7
5 1 4 1
12 1 11 1
9 1 8 1
12 0 11 0
27 9 26 8
7 4 6 4
4 1 3 1
16 5 15 5
18 5 17 5
21 7 20 7
28 8 27 8
22 0 21 0
27 26 26 25
27 24 26 23
25 10 24 9
14 8 13 7
19 5 18 5
18 9 17 9
23 12 22 12
11 0 10 0
15 5 14 5
15 7 14 6
20 7 19 7
17 14 16 13
13 12 12 11
19 18 18 17
20 3 19 3
11 2 10 2
14 14 13 13
25 6 24 6
13 13 12 12
14 10 13 9
10 0 9 0
10 10 9 9
13 7 12 6
22 19 21 18
21 0 20 0
19 2 18 2
9 9 8 8
13 2 12 2
8 8 7 7
10 2 9 2
14 6 13 5
12 11 11 10
9 0 8 0
16 15 15 14
14 5 13 4
18 2 17 1
17 2 16 2
12 6 11 5
18 0 17 0
22 6 21 5
7 7 6 6
18 2 17 2
23 0 22 0
15 15 14 14
6 6 5 5
19 3 18 3
22 0 21 0
11 5 10 4
17 9 16 9
14 0 13 0
13 0 12 0
17 1 16 1
12 12 11 11
19 11 18 10
11 11 10 10
14 0 13 0
18 17 17 16
15 14 14 13
14 13 13 12
22 4 21 4
13 5 12 4
10 10 9 9
12 4 11 4
18 10 17 10
15 4 14 4
11 10 10 9
5 5 4 4
23 14 22 13
14 4 13 3
10 4 9 3
17 5 16 5
17 0 16 0
11 4 10 3
24 9 23 8
16 1 15 1
10 9 9 8
23 4 22 4
13 4 12 4
26 1 25 1
13 3 12 3
22 13 21 12
9 8 8 7
8 7 7 6
14 14 13 13
14 4 13 4
21 5 20 5
27 1 26 1
17 16 16 15
12 0 11 0
10 3 9 2
16 2 15 2
20 5 19 5
7 6 6 5
9 3 8 2
18 17 17 16
6 5 5 4
13 9 12 8
12 3 11 3
9 2 8 2
11 0 10 0
16 4 15 4
16 5 15 5
18 3 17 3
13 13 12 12
17 2 16 2
15 1 14 1
5 4 4 3
12 8 11 7
16 15 15 14
20 19 19 18
13 12 12 11
15 14 14 13
17 3 16 3
10 0 9 0
17 10 16 9
16 3 15 3
14 13 13 12
11 7 10 6
10 6 9 5
9 9 8 8
4 3 3 2
15 3 14 3
9 5 8 4
20 2 19 2
14 3 13 3
17 16 16 15
19 18 18 17
25 1 24 1
16 9 15 9
23 1 22 1
8 4 7 3
12 12 11 11
22 1 21 1
21 12 20 11
18 17 17 16
7 3 6 3
15 5 14 5
6 3 5 3
13 3 12 3
24 1 23 1
17 16 16 15
16 15 15 14
19 5 18 5
20 11 19 10
15 14 14 13
14 5 13 5
24 6 23 6
12 11 11 10
18 5 17 4
13 5 12 5
16 0 15 0
19 7 18 7
12 3 11 3
12 5 11 5
14 1 13 1
13 12 12 11
11 5 10 5
14 13 13 12
13 1 12 1
23 6 22 5
11 3 10 2
12 1 11 1
10 2 9 2
11 1 10 1
11 10 10 9
21 1 20 1
10 5 9 4
10 1 9 1
5 3 4 2
9 4 8 3
15 9 14 8
15 0 14 0
14 8 13 7
20 1 19 1
13 7 12 7
8 3 7 3
12 11 11 10
4 2 3 2
3 2 2 1
9 1 8 1
19 1 18 1
8 1 7 1
7 3 6 3
18 1 17 1
7 1 6 1
6 1 5 1
19 0 18 0
18 0 17 0
17 1 16 1
20 0 19 0
14 0 13 0
13 0 12 0
16 1 15 1
17 0 16 0
15 1 14 1
14 1 13 1
12 0 11 0
10 9 9 8
13 1 12 1
12 1 11 1
9 8 8 7
8 7 7 6
19 0 18 0
21 0 20 0
